<GSB001_Bismarck_1941_MidFront_ports.visual>
	<node>
		<identifier>	Scene Root	</identifier>
		<transform>
			<row0>	1.0000 0.0000 0.0000 0.0000	</row0>
			<row1>	0.0000 1.0000 0.0000 0.0000	</row1>
			<row2>	0.0000 0.0000 1.0000 0.0000	</row2>
			<row3>	0.0000 0.0000 0.0000 1.0000	</row3>
		</transform>
		<node>
			<identifier>	MidFront_ports	</identifier>
			<transform>
				<row0>	1.0000 0.0000 0.0000 0.0000	</row0>
				<row1>	0.0000 1.0000 0.0000 0.0000	</row1>
				<row2>	0.0000 0.0000 1.0000 0.0000	</row2>
				<row3>	0.0000 0.0000 0.0000 1.0000	</row3>
			</transform>
			<node>
				<identifier>	HP_FX_Death_2	</identifier>
				<transform>
					<row0>	1.0000 0.0000 0.0000 0.0000	</row0>
					<row1>	0.0000 1.0000 0.0000 0.0000	</row1>
					<row2>	0.0000 0.0000 1.0000 0.0000	</row2>
					<row3>	0.0000 0.0000 -0.4055 1.0000	</row3>
				</transform>
			</node>
			<node>
				<identifier>	HP_FX_Fire_2	</identifier>
				<transform>
					<row0>	1.0000 0.0000 0.0000 0.0000	</row0>
					<row1>	0.0000 1.0000 0.0000 0.0000	</row1>
					<row2>	0.0000 0.0000 1.0000 0.0000	</row2>
					<row3>	0.0000 0.3816 1.2720 1.0000	</row3>
				</transform>
			</node>
			<node>
				<identifier>	HP_FX_FloodLight_left_1	</identifier>
				<transform>
					<row0>	0.0000 -1.0000 0.0000 0.0000	</row0>
					<row1>	-1.0000 0.0000 0.0000 0.0000	</row1>
					<row2>	0.0000 0.0000 -1.0000 0.0000	</row2>
					<row3>	-0.1453 1.2337 0.9798 1.0000	</row3>
				</transform>
			</node>
			<node>
				<identifier>	HP_FX_FloodLight_right_1	</identifier>
				<transform>
					<row0>	0.0000 -1.0000 0.0000 0.0000	</row0>
					<row1>	-1.0000 0.0000 0.0000 0.0000	</row1>
					<row2>	0.0000 0.0000 -1.0000 0.0000	</row2>
					<row3>	0.1157 1.2022 1.0108 1.0000	</row3>
				</transform>
			</node>
			<node>
				<identifier>	HP_FX_Flood_steam_1	</identifier>
				<transform>
					<row0>	1.0000 0.0000 0.0000 0.0000	</row0>
					<row1>	0.0000 1.0000 0.0000 0.0000	</row1>
					<row2>	0.0000 0.0000 1.0000 0.0000	</row2>
					<row3>	0.1493 1.5230 0.1798 1.0000	</row3>
				</transform>
			</node>
			<node>
				<identifier>	HP_FX_Flood_steam_2	</identifier>
				<transform>
					<row0>	1.0000 0.0000 0.0000 0.0000	</row0>
					<row1>	0.0000 1.0000 0.0000 0.0000	</row1>
					<row2>	0.0000 0.0000 1.0000 0.0000	</row2>
					<row3>	-0.1400 1.5060 0.2040 1.0000	</row3>
				</transform>
			</node>
			<node>
				<identifier>	HP_FX_Flood_steam_3	</identifier>
				<transform>
					<row0>	1.0000 0.0000 0.0000 0.0000	</row0>
					<row1>	0.0000 1.0000 0.0000 0.0000	</row1>
					<row2>	0.0000 0.0000 1.0000 0.0000	</row2>
					<row3>	-0.0820 1.5330 -0.3250 1.0000	</row3>
				</transform>
			</node>
			<node>
				<identifier>	HP_FX_Flood_steam_exhaust_2	</identifier>
				<transform>
					<row0>	1.0000 0.0000 0.0000 0.0000	</row0>
					<row1>	0.0000 1.0000 0.0000 0.0000	</row1>
					<row2>	0.0000 0.0000 1.0000 0.0000	</row2>
					<row3>	-0.0280 1.5350 0.3280 1.0000	</row3>
				</transform>
			</node>
			<node>
				<identifier>	HP_FX_Flood_steam_left	</identifier>
				<transform>
					<row0>	-1.0000 0.0000 0.0000 0.0000	</row0>
					<row1>	0.0000 1.0000 0.0000 0.0000	</row1>
					<row2>	0.0000 0.0000 -1.0000 0.0000	</row2>
					<row3>	-0.5030 0.4266 2.7931 1.0000	</row3>
				</transform>
			</node>
			<node>
				<identifier>	HP_FX_Flood_water_left_3	</identifier>
				<transform>
					<row0>	-1.0000 0.0000 0.0000 0.0000	</row0>
					<row1>	0.0000 1.0000 0.0000 0.0000	</row1>
					<row2>	0.0000 0.0000 -1.0000 0.0000	</row2>
					<row3>	-1.1730 0.0180 0.6660 1.0000	</row3>
				</transform>
			</node>
			<node>
				<identifier>	HP_FX_Flood_water_left_4	</identifier>
				<transform>
					<row0>	-1.0000 0.0000 0.0000 0.0000	</row0>
					<row1>	0.0000 1.0000 0.0000 0.0000	</row1>
					<row2>	0.0000 0.0000 -1.0000 0.0000	</row2>
					<row3>	-0.7880 0.0150 4.2420 1.0000	</row3>
				</transform>
			</node>
			<node>
				<identifier>	HP_FX_Flood_water_right_3	</identifier>
				<transform>
					<row0>	1.0000 0.0000 0.0000 0.0000	</row0>
					<row1>	0.0000 1.0000 0.0000 0.0000	</row1>
					<row2>	0.0000 0.0000 1.0000 0.0000	</row2>
					<row3>	1.1730 0.0180 0.6660 1.0000	</row3>
				</transform>
			</node>
			<node>
				<identifier>	HP_FX_Flood_water_right_4	</identifier>
				<transform>
					<row0>	1.0000 0.0000 0.0000 0.0000	</row0>
					<row1>	0.0000 1.0000 0.0000 0.0000	</row1>
					<row2>	0.0000 0.0000 1.0000 0.0000	</row2>
					<row3>	0.7880 0.0150 4.2420 1.0000	</row3>
				</transform>
			</node>
			<node>
				<identifier>	HP_FX_Smoke_1	</identifier>
				<transform>
					<row0>	1.0000 0.0000 0.0000 0.0000	</row0>
					<row1>	0.0000 1.0000 0.0000 0.0000	</row1>
					<row2>	0.0000 0.0000 1.0000 0.0000	</row2>
					<row3>	0.0000 1.5483 -0.0213 1.0000	</row3>
				</transform>
			</node>
			<node>
				<identifier>	HP_GD_1	</identifier>
				<transform>
					<row0>	1.0000 0.0000 0.0000 0.0000	</row0>
					<row1>	0.0000 1.0000 0.0000 0.0000	</row1>
					<row2>	0.0000 0.0000 1.0000 0.0000	</row2>
					<row3>	-0.2516 0.9711 2.3041 1.0000	</row3>
				</transform>
			</node>
			<node>
				<identifier>	HP_GD_2	</identifier>
				<transform>
					<row0>	1.0000 0.0000 0.0000 0.0000	</row0>
					<row1>	0.0000 1.0000 0.0000 0.0000	</row1>
					<row2>	0.0000 0.0000 1.0000 0.0000	</row2>
					<row3>	0.2516 0.9711 2.3041 1.0000	</row3>
				</transform>
			</node>
			<node>
				<identifier>	HP_GD_3	</identifier>
				<transform>
					<row0>	1.0000 0.0000 0.0000 0.0000	</row0>
					<row1>	0.0000 1.0000 0.0000 0.0000	</row1>
					<row2>	0.0000 0.0000 1.0000 0.0000	</row2>
					<row3>	-0.2601 1.7635 1.0346 1.0000	</row3>
				</transform>
			</node>
			<node>
				<identifier>	HP_GD_4	</identifier>
				<transform>
					<row0>	1.0000 0.0000 0.0000 0.0000	</row0>
					<row1>	0.0000 1.0000 0.0000 0.0000	</row1>
					<row2>	0.0000 0.0000 1.0000 0.0000	</row2>
					<row3>	0.2577 1.7635 1.0346 1.0000	</row3>
				</transform>
			</node>
			<node>
				<identifier>	HP_GD_5	</identifier>
				<transform>
					<row0>	1.0000 0.0000 0.0000 0.0000	</row0>
					<row1>	0.0000 1.0000 0.0000 0.0000	</row1>
					<row2>	0.0000 0.0000 1.0000 0.0000	</row2>
					<row3>	-0.2607 1.7653 0.8121 1.0000	</row3>
				</transform>
			</node>
			<node>
				<identifier>	HP_GD_6	</identifier>
				<transform>
					<row0>	1.0000 0.0000 0.0000 0.0000	</row0>
					<row1>	0.0000 1.0000 0.0000 0.0000	</row1>
					<row2>	0.0000 0.0000 1.0000 0.0000	</row2>
					<row3>	0.2607 1.7653 0.8121 1.0000	</row3>
				</transform>
			</node>
			<node>
				<identifier>	HP_GF_1	</identifier>
				<transform>
					<row0>	1.0000 0.0000 0.0000 0.0000	</row0>
					<row1>	0.0000 1.0000 0.0000 0.0000	</row1>
					<row2>	0.0000 0.0000 1.0000 0.0000	</row2>
					<row3>	0.0000 1.1890 1.7999 1.0000	</row3>
				</transform>
			</node>
			<node>
				<identifier>	HP_GF_2	</identifier>
				<transform>
					<row0>	1.0000 0.0000 0.0000 0.0000	</row0>
					<row1>	0.0000 1.0000 0.0000 0.0000	</row1>
					<row2>	0.0000 0.0000 1.0000 0.0000	</row2>
					<row3>	-0.3673 1.3215 1.1397 1.0000	</row3>
				</transform>
			</node>
			<node>
				<identifier>	HP_GF_3	</identifier>
				<transform>
					<row0>	1.0000 0.0000 0.0000 0.0000	</row0>
					<row1>	0.0000 1.0000 0.0000 0.0000	</row1>
					<row2>	0.0000 0.0000 1.0000 0.0000	</row2>
					<row3>	0.3673 1.3215 1.1397 1.0000	</row3>
				</transform>
			</node>
			<node>
				<identifier>	HP_GF_4	</identifier>
				<transform>
					<row0>	0.0000 0.0000 1.0000 0.0000	</row0>
					<row1>	0.0000 1.0000 0.0000 0.0000	</row1>
					<row2>	-1.0000 0.0000 0.0000 0.0000	</row2>
					<row3>	-0.4518 0.9981 1.1380 1.0000	</row3>
				</transform>
			</node>
			<node>
				<identifier>	HP_GF_5	</identifier>
				<transform>
					<row0>	0.0000 0.0000 -1.0000 0.0000	</row0>
					<row1>	0.0000 1.0000 0.0000 0.0000	</row1>
					<row2>	1.0000 0.0000 0.0000 0.0000	</row2>
					<row3>	0.4518 0.9981 1.1380 1.0000	</row3>
				</transform>
			</node>
			<node>
				<identifier>	HP_GF_6	</identifier>
				<transform>
					<row0>	1.0000 0.0000 0.0000 0.0000	</row0>
					<row1>	0.0000 1.0000 0.0000 0.0000	</row1>
					<row2>	0.0000 0.0000 1.0000 0.0000	</row2>
					<row3>	0.0000 1.9562 1.0224 1.0000	</row3>
				</transform>
			</node>
			<node>
				<identifier>	HP_GGA_1	</identifier>
				<transform>
					<row0>	0.7071 0.0000 0.7071 0.0000	</row0>
					<row1>	0.0000 1.0000 0.0000 0.0000	</row1>
					<row2>	-0.7071 0.0000 0.7071 0.0000	</row2>
					<row3>	-0.6034 0.3322 3.1470 1.0000	</row3>
				</transform>
			</node>
			<node>
				<identifier>	HP_GGA_10	</identifier>
				<transform>
					<row0>	0.7071 0.0000 -0.7071 0.0000	</row0>
					<row1>	0.0000 1.0000 0.0000 0.0000	</row1>
					<row2>	0.7071 0.0000 0.7071 0.0000	</row2>
					<row3>	0.3811 0.9703 1.4648 1.0000	</row3>
				</transform>
			</node>
			<node>
				<identifier>	HP_GGA_11	</identifier>
				<transform>
					<row0>	0.7071 0.0000 0.7071 0.0000	</row0>
					<row1>	0.0000 1.0000 0.0000 0.0000	</row1>
					<row2>	-0.7071 0.0000 0.7071 0.0000	</row2>
					<row3>	-0.1650 1.1224 1.3916 1.0000	</row3>
				</transform>
			</node>
			<node>
				<identifier>	HP_GGA_12	</identifier>
				<transform>
					<row0>	0.7071 0.0000 -0.7071 0.0000	</row0>
					<row1>	0.0000 1.0000 0.0000 0.0000	</row1>
					<row2>	0.7071 0.0000 0.7071 0.0000	</row2>
					<row3>	0.1650 1.1224 1.3916 1.0000	</row3>
				</transform>
			</node>
			<node>
				<identifier>	HP_GGA_13	</identifier>
				<transform>
					<row0>	0.7071 0.0000 0.7071 0.0000	</row0>
					<row1>	0.0000 1.0000 0.0000 0.0000	</row1>
					<row2>	-0.7071 0.0000 0.7071 0.0000	</row2>
					<row3>	-0.2729 1.5826 1.2937 1.0000	</row3>
				</transform>
			</node>
			<node>
				<identifier>	HP_GGA_14	</identifier>
				<transform>
					<row0>	0.7071 0.0000 -0.7071 0.0000	</row0>
					<row1>	0.0000 1.0000 0.0000 0.0000	</row1>
					<row2>	0.7071 0.0000 0.7071 0.0000	</row2>
					<row3>	0.2729 1.5826 1.2937 1.0000	</row3>
				</transform>
			</node>
			<node>
				<identifier>	HP_GGA_15	</identifier>
				<transform>
					<row0>	0.0000 0.0000 1.0000 0.0000	</row0>
					<row1>	0.0000 1.0000 0.0000 0.0000	</row1>
					<row2>	-1.0000 0.0000 0.0000 0.0000	</row2>
					<row3>	-0.3259 1.1149 -0.1551 1.0000	</row3>
				</transform>
			</node>
			<node>
				<identifier>	HP_GGA_16	</identifier>
				<transform>
					<row0>	0.0000 0.0000 -1.0000 0.0000	</row0>
					<row1>	0.0000 1.0000 0.0000 0.0000	</row1>
					<row2>	1.0000 0.0000 0.0000 0.0000	</row2>
					<row3>	0.3259 1.1149 -0.1551 1.0000	</row3>
				</transform>
			</node>
			<node>
				<identifier>	HP_GGA_17	</identifier>
				<transform>
					<row0>	0.0000 0.0000 1.0000 0.0000	</row0>
					<row1>	0.0000 1.0000 0.0000 0.0000	</row1>
					<row2>	-1.0000 0.0000 0.0000 0.0000	</row2>
					<row3>	-0.2505 1.1177 -0.3788 1.0000	</row3>
				</transform>
			</node>
			<node>
				<identifier>	HP_GGA_18	</identifier>
				<transform>
					<row0>	0.0000 0.0000 -1.0000 0.0000	</row0>
					<row1>	0.0000 1.0000 0.0000 0.0000	</row1>
					<row2>	1.0000 0.0000 0.0000 0.0000	</row2>
					<row3>	0.2505 1.1177 -0.3788 1.0000	</row3>
				</transform>
			</node>
			<node>
				<identifier>	HP_GGA_2	</identifier>
				<transform>
					<row0>	0.7071 0.0000 -0.7071 0.0000	</row0>
					<row1>	0.0000 1.0000 0.0000 0.0000	</row1>
					<row2>	0.7071 0.0000 0.7071 0.0000	</row2>
					<row3>	0.6034 0.3322 3.1470 1.0000	</row3>
				</transform>
			</node>
			<node>
				<identifier>	HP_GGA_3	</identifier>
				<transform>
					<row0>	0.7071 0.0000 0.7071 0.0000	</row0>
					<row1>	0.0000 1.0000 0.0000 0.0000	</row1>
					<row2>	-0.7071 0.0000 0.7071 0.0000	</row2>
					<row3>	-0.8619 0.3336 2.9315 1.0000	</row3>
				</transform>
			</node>
			<node>
				<identifier>	HP_GGA_4	</identifier>
				<transform>
					<row0>	0.7071 0.0000 -0.7071 0.0000	</row0>
					<row1>	0.0000 1.0000 0.0000 0.0000	</row1>
					<row2>	0.7071 0.0000 0.7071 0.0000	</row2>
					<row3>	0.8619 0.3336 2.9315 1.0000	</row3>
				</transform>
			</node>
			<node>
				<identifier>	HP_GGA_5	</identifier>
				<transform>
					<row0>	0.7071 0.0000 0.7071 0.0000	</row0>
					<row1>	0.0000 1.0000 0.0000 0.0000	</row1>
					<row2>	-0.7071 0.0000 0.7071 0.0000	</row2>
					<row3>	-0.3764 0.4969 2.9035 1.0000	</row3>
				</transform>
			</node>
			<node>
				<identifier>	HP_GGA_6	</identifier>
				<transform>
					<row0>	0.7071 0.0000 -0.7071 0.0000	</row0>
					<row1>	0.0000 1.0000 0.0000 0.0000	</row1>
					<row2>	0.7071 0.0000 0.7071 0.0000	</row2>
					<row3>	0.3764 0.4969 2.9035 1.0000	</row3>
				</transform>
			</node>
			<node>
				<identifier>	HP_GGA_7	</identifier>
				<transform>
					<row0>	0.7071 0.0000 0.7071 0.0000	</row0>
					<row1>	0.0000 1.0000 0.0000 0.0000	</row1>
					<row2>	-0.7071 0.0000 0.7071 0.0000	</row2>
					<row3>	-0.3231 0.9712 1.6687 1.0000	</row3>
				</transform>
			</node>
			<node>
				<identifier>	HP_GGA_8	</identifier>
				<transform>
					<row0>	0.7071 0.0000 -0.7071 0.0000	</row0>
					<row1>	0.0000 1.0000 0.0000 0.0000	</row1>
					<row2>	0.7071 0.0000 0.7071 0.0000	</row2>
					<row3>	0.3231 0.9712 1.6687 1.0000	</row3>
				</transform>
			</node>
			<node>
				<identifier>	HP_GGA_9	</identifier>
				<transform>
					<row0>	0.7071 0.0000 0.7071 0.0000	</row0>
					<row1>	0.0000 1.0000 0.0000 0.0000	</row1>
					<row2>	-0.7071 0.0000 0.7071 0.0000	</row2>
					<row3>	-0.3811 0.9703 1.4648 1.0000	</row3>
				</transform>
			</node>
			<node>
				<identifier>	HP_GGM_2	</identifier>
				<transform>
					<row0>	1.0000 0.0000 0.0000 0.0000	</row0>
					<row1>	0.0000 1.0000 0.0000 0.0000	</row1>
					<row2>	0.0000 0.0000 1.0000 0.0000	</row2>
					<row3>	0.0000 0.6263 3.5550 1.0000	</row3>
				</transform>
			</node>
			<node>
				<identifier>	HP_GGS_1	</identifier>
				<transform>
					<row0>	1.0000 0.0000 0.0000 0.0000	</row0>
					<row1>	0.0000 1.0000 0.0000 0.0000	</row1>
					<row2>	0.0000 0.0000 1.0000 0.0000	</row2>
					<row3>	-0.6319 0.3843 1.9616 1.0000	</row3>
				</transform>
			</node>
			<node>
				<identifier>	HP_GGS_2	</identifier>
				<transform>
					<row0>	1.0000 0.0000 0.0000 0.0000	</row0>
					<row1>	0.0000 1.0000 0.0000 0.0000	</row1>
					<row2>	0.0000 0.0000 1.0000 0.0000	</row2>
					<row3>	0.6319 0.3843 1.9616 1.0000	</row3>
				</transform>
			</node>
			<node>
				<identifier>	HP_GGS_3	</identifier>
				<transform>
					<row0>	1.0000 0.0000 0.0000 0.0000	</row0>
					<row1>	0.0000 1.0000 0.0000 0.0000	</row1>
					<row2>	0.0000 0.0000 1.0000 0.0000	</row2>
					<row3>	-0.7182 0.4969 1.2998 1.0000	</row3>
				</transform>
			</node>
			<node>
				<identifier>	HP_GGS_4	</identifier>
				<transform>
					<row0>	1.0000 0.0000 0.0000 0.0000	</row0>
					<row1>	0.0000 1.0000 0.0000 0.0000	</row1>
					<row2>	0.0000 0.0000 1.0000 0.0000	</row2>
					<row3>	0.7182 0.4969 1.2998 1.0000	</row3>
				</transform>
			</node>
			<node>
				<identifier>	HP_GGS_5	</identifier>
				<transform>
					<row0>	1.0000 0.0000 0.0000 0.0000	</row0>
					<row1>	0.0000 1.0000 0.0000 0.0000	</row1>
					<row2>	0.0000 0.0000 1.0000 0.0000	</row2>
					<row3>	-0.9518 0.3846 0.7055 1.0000	</row3>
				</transform>
			</node>
			<node>
				<identifier>	HP_GGS_6	</identifier>
				<transform>
					<row0>	1.0000 0.0000 0.0000 0.0000	</row0>
					<row1>	0.0000 1.0000 0.0000 0.0000	</row1>
					<row2>	0.0000 0.0000 1.0000 0.0000	</row2>
					<row3>	0.9518 0.3846 0.7055 1.0000	</row3>
				</transform>
			</node>
			<node>
				<identifier>	HP_GGS_7	</identifier>
				<transform>
					<row0>	1.0000 0.0000 0.0000 0.0000	</row0>
					<row1>	0.0000 1.0000 0.0000 0.0000	</row1>
					<row2>	0.0000 0.0000 1.0000 0.0000	</row2>
					<row3>	-0.7747 0.4969 0.1890 1.0000	</row3>
				</transform>
			</node>
			<node>
				<identifier>	HP_GGS_8	</identifier>
				<transform>
					<row0>	1.0000 0.0000 0.0000 0.0000	</row0>
					<row1>	0.0000 1.0000 0.0000 0.0000	</row1>
					<row2>	0.0000 0.0000 1.0000 0.0000	</row2>
					<row3>	0.7747 0.4969 0.1890 1.0000	</row3>
				</transform>
			</node>
			<node>
				<identifier>	HP_flag_courtesy	</identifier>
				<transform>
					<row0>	0.9998 0.0177 -0.0014 0.0000	</row0>
					<row1>	-0.0177 0.9881 -0.1525 0.0000	</row1>
					<row2>	-0.0014 0.1525 0.9883 0.0000	</row2>
					<row3>	0.1532 2.3470 0.5794 1.0000	</row3>
				</transform>
			</node>
			<node>
				<identifier>	HP_flag_house	</identifier>
				<transform>
					<row0>	0.9998 -0.0177 0.0014 0.0000	</row0>
					<row1>	0.0177 0.9881 -0.1525 0.0000	</row1>
					<row2>	0.0014 0.1525 0.9883 0.0000	</row2>
					<row3>	-0.1532 2.3470 0.5794 1.0000	</row3>
				</transform>
			</node>
			<node>
				<identifier>	MP_CM004_Barbette_Out	</identifier>
				<transform>
					<row0>	0.9471 0.0000 0.0000 0.0000	</row0>
					<row1>	0.0000 0.4223 0.0000 0.0000	</row1>
					<row2>	0.0000 0.0000 0.9471 0.0000	</row2>
					<row3>	0.0000 1.9533 1.0217 1.0000	</row3>
				</transform>
			</node>
			<node>
				<identifier>	MP_CM004_Barbette_Out_INDEX_1	</identifier>
				<transform>
					<row0>	0.9471 0.0000 0.0000 0.0000	</row0>
					<row1>	0.0000 0.4223 0.0000 0.0000	</row1>
					<row2>	0.0000 0.0000 0.9471 0.0000	</row2>
					<row3>	0.0000 1.1858 1.7999 1.0000	</row3>
				</transform>
			</node>
			<node>
				<identifier>	MP_CM004_Barbette_Out_INDEX_2	</identifier>
				<transform>
					<row0>	1.8246 0.0000 0.0000 0.0000	</row0>
					<row1>	0.0000 0.8135 0.0000 0.0000	</row1>
					<row2>	0.0000 0.0000 1.8246 0.0000	</row2>
					<row3>	-0.6318 0.3788 1.9612 1.0000	</row3>
				</transform>
			</node>
			<node>
				<identifier>	MP_CM004_Barbette_Out_INDEX_3	</identifier>
				<transform>
					<row0>	4.1226 0.0000 0.0000 0.0000	</row0>
					<row1>	0.0000 1.8381 0.0000 0.0000	</row1>
					<row2>	0.0000 0.0000 4.1226 0.0000	</row2>
					<row3>	0.0000 0.6153 3.5550 1.0000	</row3>
				</transform>
			</node>
			<node>
				<identifier>	MP_CM004_Barbette_Out_INDEX_4	</identifier>
				<transform>
					<row0>	1.8246 0.0000 0.0000 0.0000	</row0>
					<row1>	0.0000 0.8135 0.0000 0.0000	</row1>
					<row2>	0.0000 0.0000 1.8246 0.0000	</row2>
					<row3>	-0.9510 0.3776 0.7049 1.0000	</row3>
				</transform>
			</node>
			<node>
				<identifier>	MP_CM004_Barbette_Out_INDEX_5	</identifier>
				<transform>
					<row0>	1.8246 0.0000 0.0000 0.0000	</row0>
					<row1>	0.0000 0.8135 0.0000 0.0000	</row1>
					<row2>	0.0000 0.0000 1.8246 0.0000	</row2>
					<row3>	0.9510 0.3776 0.7049 1.0000	</row3>
				</transform>
			</node>
			<node>
				<identifier>	MP_CM004_Barbette_Out_INDEX_6	</identifier>
				<transform>
					<row0>	1.8246 0.0000 0.0000 0.0000	</row0>
					<row1>	0.0000 0.8135 0.0000 0.0000	</row1>
					<row2>	0.0000 0.0000 1.8246 0.0000	</row2>
					<row3>	0.6318 0.3788 1.9612 1.0000	</row3>
				</transform>
			</node>
			<node>
				<identifier>	MP_CM011_Fire_Fighting_Gear	</identifier>
				<transform>
					<row0>	-0.0792 0.0000 0.9969 0.0000	</row0>
					<row1>	0.0000 1.0000 0.0000 0.0000	</row1>
					<row2>	-0.9969 0.0000 -0.0792 0.0000	</row2>
					<row3>	0.4954 0.3294 2.6641 1.0000	</row3>
				</transform>
			</node>
			<node>
				<identifier>	MP_CM011_Fire_Fighting_Gear_INDEX_1	</identifier>
				<transform>
					<row0>	-0.0792 0.0000 0.9969 0.0000	</row0>
					<row1>	0.0000 1.0000 0.0000 0.0000	</row1>
					<row2>	-0.9969 0.0000 -0.0792 0.0000	</row2>
					<row3>	0.8468 0.3196 1.0582 1.0000	</row3>
				</transform>
			</node>
			<node>
				<identifier>	MP_CM011_Fire_Fighting_Gear_INDEX_2	</identifier>
				<transform>
					<row0>	0.0075 0.0000 1.0000 0.0000	</row0>
					<row1>	0.0000 1.0000 0.0000 0.0000	</row1>
					<row2>	-1.0000 0.0000 0.0075 0.0000	</row2>
					<row3>	0.5323 0.4966 0.1053 1.0000	</row3>
				</transform>
			</node>
			<node>
				<identifier>	MP_CM011_Fire_Fighting_Gear_INDEX_3	</identifier>
				<transform>
					<row0>	0.0075 0.0000 -1.0000 0.0000	</row0>
					<row1>	0.0000 1.0000 0.0000 0.0000	</row1>
					<row2>	1.0000 0.0000 0.0075 0.0000	</row2>
					<row3>	-0.5323 0.4966 0.1053 1.0000	</row3>
				</transform>
			</node>
			<node>
				<identifier>	MP_CM011_Fire_Fighting_Gear_INDEX_4	</identifier>
				<transform>
					<row0>	-0.0792 0.0000 -0.9969 0.0000	</row0>
					<row1>	0.0000 1.0000 0.0000 0.0000	</row1>
					<row2>	0.9969 0.0000 -0.0792 0.0000	</row2>
					<row3>	-0.4795 0.3299 2.8327 1.0000	</row3>
				</transform>
			</node>
			<node>
				<identifier>	MP_CM011_Fire_Fighting_Gear_INDEX_5	</identifier>
				<transform>
					<row0>	-0.0792 0.0000 -0.9969 0.0000	</row0>
					<row1>	0.0000 1.0000 0.0000 0.0000	</row1>
					<row2>	0.9969 0.0000 -0.0792 0.0000	</row2>
					<row3>	-0.8468 0.3198 1.0582 1.0000	</row3>
				</transform>
			</node>
			<node>
				<identifier>	MP_CM079_Fender	</identifier>
				<transform>
					<row0>	0.0000 -1.0000 0.0000 0.0000	</row0>
					<row1>	0.9942 0.0000 -0.1075 0.0000	</row1>
					<row2>	0.1075 0.0000 0.9942 0.0000	</row2>
					<row3>	0.7463 0.3745 -0.1069 1.0000	</row3>
				</transform>
			</node>
			<node>
				<identifier>	MP_CM079_Fender_INDEX_1	</identifier>
				<transform>
					<row0>	0.0000 1.0000 0.0000 0.0000	</row0>
					<row1>	-0.9942 0.0000 -0.1075 0.0000	</row1>
					<row2>	-0.1075 0.0000 0.9942 0.0000	</row2>
					<row3>	-0.7463 0.3745 -0.1069 1.0000	</row3>
				</transform>
			</node>
			<node>
				<identifier>	MP_CM079_Fender_INDEX_2	</identifier>
				<transform>
					<row0>	0.0000 1.0000 0.0000 0.0000	</row0>
					<row1>	-0.9942 0.0000 -0.1075 0.0000	</row1>
					<row2>	-0.1075 0.0000 0.9942 0.0000	</row2>
					<row3>	-0.7463 0.3745 -0.1785 1.0000	</row3>
				</transform>
			</node>
			<node>
				<identifier>	MP_CM079_Fender_INDEX_3	</identifier>
				<transform>
					<row0>	0.0000 -1.0000 0.0000 0.0000	</row0>
					<row1>	0.9942 0.0000 -0.1075 0.0000	</row1>
					<row2>	0.1075 0.0000 0.9942 0.0000	</row2>
					<row3>	0.7463 0.3745 -0.1785 1.0000	</row3>
				</transform>
			</node>
			<node>
				<identifier>	MP_CM097_Stairway	</identifier>
				<transform>
					<row0>	1.0000 0.0000 0.0000 0.0000	</row0>
					<row1>	0.0000 1.0000 0.0000 0.0000	</row1>
					<row2>	0.0000 0.0000 1.0000 0.0000	</row2>
					<row3>	-0.6198 0.6279 0.6406 1.0000	</row3>
				</transform>
			</node>
			<node>
				<identifier>	MP_CM097_Stairway_INDEX_1	</identifier>
				<transform>
					<row0>	0.0017 1.0000 -0.0087 0.0000	</row0>
					<row1>	-0.9957 0.0009 -0.0924 0.0000	</row1>
					<row2>	-0.0924 0.0089 0.9957 0.0000	</row2>
					<row3>	0.4912 0.3630 2.8928 1.0000	</row3>
				</transform>
			</node>
			<node>
				<identifier>	MP_CM097_Stairway_INDEX_2	</identifier>
				<transform>
					<row0>	1.0000 0.0000 0.0000 0.0000	</row0>
					<row1>	0.0000 1.0000 0.0000 0.0000	</row1>
					<row2>	0.0000 0.0000 1.0000 0.0000	</row2>
					<row3>	0.6196 0.6279 0.6406 1.0000	</row3>
				</transform>
			</node>
			<node>
				<identifier>	MP_CM097_Stairway_INDEX_3	</identifier>
				<transform>
					<row0>	0.3185 -0.8828 -0.3453 0.0000	</row0>
					<row1>	0.5934 0.4698 -0.6536 0.0000	</row1>
					<row2>	0.7392 0.0032 0.6735 0.0000	</row2>
					<row3>	-0.7651 0.3537 3.1324 1.0000	</row3>
				</transform>
			</node>
			<node>
				<identifier>	MP_GM002_Fog_Horn	</identifier>
				<transform>
					<row0>	1.0000 0.0000 0.0000 0.0000	</row0>
					<row1>	0.0000 1.0000 0.0000 0.0000	</row1>
					<row2>	0.0000 0.0000 1.0000 0.0000	</row2>
					<row3>	0.2708 1.5283 1.3356 1.0000	</row3>
				</transform>
			</node>
			<node>
				<identifier>	MP_GM003_Reels_1	</identifier>
				<transform>
					<row0>	-1.0000 0.0000 0.0000 0.0000	</row0>
					<row1>	0.0000 0.0000 1.0000 0.0000	</row1>
					<row2>	0.0000 1.0000 0.0000 0.0000	</row2>
					<row3>	-0.0561 0.5445 2.8968 1.0000	</row3>
				</transform>
			</node>
			<node>
				<identifier>	MP_GM003_Reels_1_INDEX_1	</identifier>
				<transform>
					<row0>	0.0000 0.0000 -1.0000 0.0000	</row0>
					<row1>	0.0000 1.0000 0.0000 0.0000	</row1>
					<row2>	1.0000 0.0000 0.0000 0.0000	</row2>
					<row3>	1.0768 0.3220 1.5709 1.0000	</row3>
				</transform>
			</node>
			<node>
				<identifier>	MP_GM003_Reels_1_INDEX_2	</identifier>
				<transform>
					<row0>	0.0000 0.0000 1.0000 0.0000	</row0>
					<row1>	0.0000 1.0000 0.0000 0.0000	</row1>
					<row2>	-1.0000 0.0000 0.0000 0.0000	</row2>
					<row3>	-1.0768 0.3220 1.5709 1.0000	</row3>
				</transform>
			</node>
			<node>
				<identifier>	MP_GM003_Reels_1_INDEX_3	</identifier>
				<transform>
					<row0>	0.0000 0.0000 -1.0000 0.0000	</row0>
					<row1>	0.0000 1.0000 0.0000 0.0000	</row1>
					<row2>	1.0000 0.0000 0.0000 0.0000	</row2>
					<row3>	1.1003 0.3220 1.1217 1.0000	</row3>
				</transform>
			</node>
			<node>
				<identifier>	MP_GM003_Reels_1_INDEX_4	</identifier>
				<transform>
					<row0>	0.0000 0.0000 1.0000 0.0000	</row0>
					<row1>	0.0000 1.0000 0.0000 0.0000	</row1>
					<row2>	-1.0000 0.0000 0.0000 0.0000	</row2>
					<row3>	-1.1003 0.3220 1.1217 1.0000	</row3>
				</transform>
			</node>
			<node>
				<identifier>	MP_GM003_Reels_1_INDEX_5	</identifier>
				<transform>
					<row0>	-1.0000 0.0000 0.0000 0.0000	</row0>
					<row1>	0.0000 0.0000 1.0000 0.0000	</row1>
					<row2>	0.0000 1.0000 0.0000 0.0000	</row2>
					<row3>	0.0561 0.5445 2.8968 1.0000	</row3>
				</transform>
			</node>
			<node>
				<identifier>	MP_GM004_Reels_2	</identifier>
				<transform>
					<row0>	0.3538 0.0000 0.9353 0.0000	</row0>
					<row1>	0.0000 1.0000 0.0000 0.0000	</row1>
					<row2>	-0.9353 0.0000 0.3538 0.0000	</row2>
					<row3>	-0.4451 0.3381 3.5661 1.0000	</row3>
				</transform>
			</node>
			<node>
				<identifier>	MP_GM004_Reels_2_INDEX_1	</identifier>
				<transform>
					<row0>	0.2968 0.0000 -0.7844 0.0000	</row0>
					<row1>	0.0000 0.8387 0.0000 0.0000	</row1>
					<row2>	0.7844 0.0000 0.2968 0.0000	</row2>
					<row3>	0.4169 0.3379 3.6116 1.0000	</row3>
				</transform>
			</node>
			<node>
				<identifier>	MP_GM005_Reels_3	</identifier>
				<transform>
					<row0>	1.0000 0.0000 0.0000 0.0000	</row0>
					<row1>	0.0000 1.0000 0.0000 0.0000	</row1>
					<row2>	0.0000 0.0000 1.0000 0.0000	</row2>
					<row3>	-0.9517 0.3259 0.1733 1.0000	</row3>
				</transform>
			</node>
			<node>
				<identifier>	MP_GM005_Reels_3_INDEX_1	</identifier>
				<transform>
					<row0>	0.0000 0.0000 -0.9000 0.0000	</row0>
					<row1>	0.0000 0.9000 0.0000 0.0000	</row1>
					<row2>	0.9000 0.0000 0.0000 0.0000	</row2>
					<row3>	0.7758 0.3242 -0.0009 1.0000	</row3>
				</transform>
			</node>
			<node>
				<identifier>	MP_GM005_Reels_3_INDEX_2	</identifier>
				<transform>
					<row0>	1.0000 0.0000 0.0000 0.0000	</row0>
					<row1>	0.0000 1.0000 0.0000 0.0000	</row1>
					<row2>	0.0000 0.0000 1.0000 0.0000	</row2>
					<row3>	0.9517 0.3259 0.1733 1.0000	</row3>
				</transform>
			</node>
			<node>
				<identifier>	MP_GM005_Reels_3_INDEX_3	</identifier>
				<transform>
					<row0>	0.0000 0.0000 0.9000 0.0000	</row0>
					<row1>	0.0000 0.9000 0.0000 0.0000	</row1>
					<row2>	-0.9000 0.0000 0.0000 0.0000	</row2>
					<row3>	-0.7747 0.3265 -0.0009 1.0000	</row3>
				</transform>
			</node>
			<node>
				<identifier>	MP_GM006_Reels_4	</identifier>
				<transform>
					<row0>	-0.3853 0.0000 -0.9228 0.0000	</row0>
					<row1>	0.0000 1.0000 0.0000 0.0000	</row1>
					<row2>	0.9228 0.0000 -0.3853 0.0000	</row2>
					<row3>	-0.3401 0.3459 3.8190 1.0000	</row3>
				</transform>
			</node>
			<node>
				<identifier>	MP_GM007_LifeBuoy	</identifier>
				<transform>
					<row0>	0.0079 0.0000 -1.0000 0.0000	</row0>
					<row1>	0.0000 1.0000 0.0000 0.0000	</row1>
					<row2>	1.0000 0.0000 0.0079 0.0000	</row2>
					<row3>	-0.7347 0.8460 2.3949 1.0000	</row3>
				</transform>
			</node>
			<node>
				<identifier>	MP_GM007_LifeBuoy_INDEX_1	</identifier>
				<transform>
					<row0>	-0.0057 0.0000 1.0000 0.0000	</row0>
					<row1>	0.0000 1.0000 0.0000 0.0000	</row1>
					<row2>	-1.0000 0.0000 -0.0057 0.0000	</row2>
					<row3>	0.7360 0.8461 2.3949 1.0000	</row3>
				</transform>
			</node>
			<node>
				<identifier>	MP_GM007_LifeBuoy_INDEX_2	</identifier>
				<transform>
					<row0>	1.0000 0.0000 0.0000 0.0000	</row0>
					<row1>	0.0000 1.0000 0.0000 0.0000	</row1>
					<row2>	0.0000 0.0000 1.0000 0.0000	</row2>
					<row3>	0.8466 0.4381 1.1519 1.0000	</row3>
				</transform>
			</node>
			<node>
				<identifier>	MP_GM008_Loudspeaker	</identifier>
				<transform>
					<row0>	1.0000 0.0000 0.0000 0.0000	</row0>
					<row1>	0.0000 1.0000 0.0000 0.0000	</row1>
					<row2>	0.0000 0.0000 1.0000 0.0000	</row2>
					<row3>	0.5272 0.6262 0.1052 1.0000	</row3>
				</transform>
			</node>
			<node>
				<identifier>	MP_GM008_Loudspeaker_INDEX_1	</identifier>
				<transform>
					<row0>	1.0000 0.0000 0.0000 0.0000	</row0>
					<row1>	0.0000 1.0000 0.0000 0.0000	</row1>
					<row2>	0.0000 0.0000 1.0000 0.0000	</row2>
					<row3>	0.2687 1.0752 1.2864 1.0000	</row3>
				</transform>
			</node>
			<node>
				<identifier>	MP_GM008_Loudspeaker_INDEX_2	</identifier>
				<transform>
					<row0>	-1.0000 0.0000 0.0000 0.0000	</row0>
					<row1>	0.0000 1.0000 0.0000 0.0000	</row1>
					<row2>	0.0000 0.0000 -1.0000 0.0000	</row2>
					<row3>	-0.2687 1.0752 1.2864 1.0000	</row3>
				</transform>
			</node>
			<node>
				<identifier>	MP_GM008_Loudspeaker_INDEX_3	</identifier>
				<transform>
					<row0>	-0.9966 0.0000 0.0822 0.0000	</row0>
					<row1>	0.0000 1.0000 0.0000 0.0000	</row1>
					<row2>	-0.0822 0.0000 -0.9966 0.0000	</row2>
					<row3>	-0.4491 0.4925 3.1031 1.0000	</row3>
				</transform>
			</node>
			<node>
				<identifier>	MP_GM008_Loudspeaker_INDEX_4	</identifier>
				<transform>
					<row0>	-1.0000 0.0000 0.0000 0.0000	</row0>
					<row1>	0.0000 1.0000 0.0000 0.0000	</row1>
					<row2>	0.0000 0.0000 -1.0000 0.0000	</row2>
					<row3>	-0.5272 0.6262 0.1052 1.0000	</row3>
				</transform>
			</node>
			<node>
				<identifier>	MP_GM008_Loudspeaker_INDEX_5	</identifier>
				<transform>
					<row0>	0.9966 0.0000 0.0822 0.0000	</row0>
					<row1>	0.0000 1.0000 0.0000 0.0000	</row1>
					<row2>	-0.0822 0.0000 0.9966 0.0000	</row2>
					<row3>	0.4491 0.4925 3.1031 1.0000	</row3>
				</transform>
			</node>
			<node>
				<identifier>	MP_GM009_Siren	</identifier>
				<transform>
					<row0>	0.0000 0.0000 -1.0000 0.0000	</row0>
					<row1>	0.0000 1.0000 0.0000 0.0000	</row1>
					<row2>	1.0000 0.0000 0.0000 0.0000	</row2>
					<row3>	-0.0128 1.2910 -0.3689 1.0000	</row3>
				</transform>
			</node>
			<node>
				<identifier>	MP_GM009_Siren_INDEX_1	</identifier>
				<transform>
					<row0>	0.0000 0.0000 1.0000 0.0000	</row0>
					<row1>	0.0000 1.0000 0.0000 0.0000	</row1>
					<row2>	-1.0000 0.0000 0.0000 0.0000	</row2>
					<row3>	-0.1285 1.3115 0.3428 1.0000	</row3>
				</transform>
			</node>
			<node>
				<identifier>	MP_GM010_Binocular	</identifier>
				<transform>
					<row0>	0.0000 0.0000 1.0000 0.0000	</row0>
					<row1>	0.0000 1.0000 0.0000 0.0000	</row1>
					<row2>	-1.0000 0.0000 0.0000 0.0000	</row2>
					<row3>	-0.0588 1.7847 1.3551 1.0000	</row3>
				</transform>
			</node>
			<node>
				<identifier>	MP_GM010_Binocular_INDEX_1	</identifier>
				<transform>
					<row0>	0.2588 0.0000 0.9659 0.0000	</row0>
					<row1>	0.0000 1.0000 0.0000 0.0000	</row1>
					<row2>	-0.9659 0.0000 0.2588 0.0000	</row2>
					<row3>	0.3672 0.8238 2.4726 1.0000	</row3>
				</transform>
			</node>
			<node>
				<identifier>	MP_GM010_Binocular_INDEX_2	</identifier>
				<transform>
					<row0>	0.0000 0.0000 1.0000 0.0000	</row0>
					<row1>	0.0000 1.0000 0.0000 0.0000	</row1>
					<row2>	-1.0000 0.0000 0.0000 0.0000	</row2>
					<row3>	0.0587 1.7847 1.3550 1.0000	</row3>
				</transform>
			</node>
			<node>
				<identifier>	MP_GM010_Binocular_INDEX_3	</identifier>
				<transform>
					<row0>	0.0000 0.0000 1.0000 0.0000	</row0>
					<row1>	0.0000 1.0000 0.0000 0.0000	</row1>
					<row2>	-1.0000 0.0000 0.0000 0.0000	</row2>
					<row3>	-0.3672 0.8238 2.4726 1.0000	</row3>
				</transform>
			</node>
			<node>
				<identifier>	MP_GM010_Binocular_INDEX_4	</identifier>
				<transform>
					<row0>	0.0000 0.0000 1.0000 0.0000	</row0>
					<row1>	0.0000 1.0000 0.0000 0.0000	</row1>
					<row2>	-1.0000 0.0000 0.0000 0.0000	</row2>
					<row3>	-0.3450 0.9703 2.2686 1.0000	</row3>
				</transform>
			</node>
			<node>
				<identifier>	MP_GM010_Binocular_INDEX_5	</identifier>
				<transform>
					<row0>	0.0000 0.0000 1.0000 0.0000	</row0>
					<row1>	0.0000 1.0000 0.0000 0.0000	</row1>
					<row2>	-1.0000 0.0000 0.0000 0.0000	</row2>
					<row3>	0.3450 0.9703 2.2686 1.0000	</row3>
				</transform>
			</node>
			<node>
				<identifier>	MP_GM011_Pelorus	</identifier>
				<transform>
					<row0>	1.0000 0.0000 0.0000 0.0000	</row0>
					<row1>	0.0000 1.0000 0.0000 0.0000	</row1>
					<row2>	0.0000 0.0000 1.0000 0.0000	</row2>
					<row3>	-0.4300 0.9701 1.5863 1.0000	</row3>
				</transform>
			</node>
			<node>
				<identifier>	MP_GM011_Pelorus_INDEX_1	</identifier>
				<transform>
					<row0>	0.0000 0.0000 1.0000 0.0000	</row0>
					<row1>	0.0000 1.0000 0.0000 0.0000	</row1>
					<row2>	-1.0000 0.0000 0.0000 0.0000	</row2>
					<row3>	-0.4508 0.8273 2.4336 1.0000	</row3>
				</transform>
			</node>
			<node>
				<identifier>	MP_GM011_Pelorus_INDEX_2	</identifier>
				<transform>
					<row0>	0.0000 0.0000 1.0000 0.0000	</row0>
					<row1>	0.0000 1.0000 0.0000 0.0000	</row1>
					<row2>	-1.0000 0.0000 0.0000 0.0000	</row2>
					<row3>	0.4508 0.8273 2.4336 1.0000	</row3>
				</transform>
			</node>
			<node>
				<identifier>	MP_GM011_Pelorus_INDEX_3	</identifier>
				<transform>
					<row0>	0.0000 0.0000 -1.0000 0.0000	</row0>
					<row1>	0.0000 1.0000 0.0000 0.0000	</row1>
					<row2>	1.0000 0.0000 0.0000 0.0000	</row2>
					<row3>	-0.2626 1.3224 1.2662 1.0000	</row3>
				</transform>
			</node>
			<node>
				<identifier>	MP_GM011_Pelorus_INDEX_4	</identifier>
				<transform>
					<row0>	0.0000 0.0000 1.0000 0.0000	</row0>
					<row1>	0.0000 1.0000 0.0000 0.0000	</row1>
					<row2>	-1.0000 0.0000 0.0000 0.0000	</row2>
					<row3>	0.2626 1.3224 1.2662 1.0000	</row3>
				</transform>
			</node>
			<node>
				<identifier>	MP_GM011_Pelorus_INDEX_5	</identifier>
				<transform>
					<row0>	1.0000 0.0000 0.0000 0.0000	</row0>
					<row1>	0.0000 1.0000 0.0000 0.0000	</row1>
					<row2>	0.0000 0.0000 1.0000 0.0000	</row2>
					<row3>	0.4300 0.9701 1.5863 1.0000	</row3>
				</transform>
			</node>
			<node>
				<identifier>	MP_GM013_Siren	</identifier>
				<transform>
					<row0>	-0.8660 0.0000 0.5000 0.0000	</row0>
					<row1>	0.0000 1.0000 0.0000 0.0000	</row1>
					<row2>	-0.5000 0.0000 -0.8660 0.0000	</row2>
					<row3>	0.2212 1.0307 2.3846 1.0000	</row3>
				</transform>
			</node>
			<node>
				<identifier>	MP_GM013_Siren_INDEX_1	</identifier>
				<transform>
					<row0>	-0.1464 0.0000 -0.9892 0.0000	</row0>
					<row1>	0.0000 1.0000 0.0000 0.0000	</row1>
					<row2>	0.9892 0.0000 -0.1464 0.0000	</row2>
					<row3>	0.1056 1.6384 1.4245 1.0000	</row3>
				</transform>
			</node>
			<node>
				<identifier>	MP_GM013_Siren_INDEX_10	</identifier>
				<transform>
					<row0>	-0.9659 0.0000 0.2588 0.0000	</row0>
					<row1>	0.0000 1.0000 0.0000 0.0000	</row1>
					<row2>	-0.2588 0.0000 -0.9659 0.0000	</row2>
					<row3>	-0.2197 0.5346 3.0309 1.0000	</row3>
				</transform>
			</node>
			<node>
				<identifier>	MP_GM013_Siren_INDEX_11	</identifier>
				<transform>
					<row0>	0.0003 0.0000 -1.0000 0.0000	</row0>
					<row1>	0.0000 1.0000 0.0000 0.0000	</row1>
					<row2>	1.0000 0.0000 0.0003 0.0000	</row2>
					<row3>	0.1788 0.5332 3.0136 1.0000	</row3>
				</transform>
			</node>
			<node>
				<identifier>	MP_GM013_Siren_INDEX_12	</identifier>
				<transform>
					<row0>	-0.5000 0.0000 -0.8660 0.0000	</row0>
					<row1>	0.0000 1.0000 0.0000 0.0000	</row1>
					<row2>	0.8660 0.0000 -0.5000 0.0000	</row2>
					<row3>	-0.1357 1.8281 1.3068 1.0000	</row3>
				</transform>
			</node>
			<node>
				<identifier>	MP_GM013_Siren_INDEX_13	</identifier>
				<transform>
					<row0>	-1.0000 0.0000 0.0000 0.0000	</row0>
					<row1>	0.0000 1.0000 0.0000 0.0000	</row1>
					<row2>	0.0000 0.0000 -1.0000 0.0000	</row2>
					<row3>	-0.1559 1.1582 1.5520 1.0000	</row3>
				</transform>
			</node>
			<node>
				<identifier>	MP_GM013_Siren_INDEX_14	</identifier>
				<transform>
					<row0>	-0.5000 0.0000 0.8660 0.0000	</row0>
					<row1>	0.0000 1.0000 0.0000 0.0000	</row1>
					<row2>	-0.8660 0.0000 -0.5000 0.0000	</row2>
					<row3>	0.1357 1.8281 1.3068 1.0000	</row3>
				</transform>
			</node>
			<node>
				<identifier>	MP_GM013_Siren_INDEX_2	</identifier>
				<transform>
					<row0>	-0.8661 0.0000 0.4998 0.0000	</row0>
					<row1>	0.0000 1.0000 0.0000 0.0000	</row1>
					<row2>	-0.4998 0.0000 -0.8661 0.0000	</row2>
					<row3>	0.2298 1.0307 2.3796 1.0000	</row3>
				</transform>
			</node>
			<node>
				<identifier>	MP_GM013_Siren_INDEX_3	</identifier>
				<transform>
					<row0>	0.0000 0.0000 -1.0000 0.0000	</row0>
					<row1>	0.0000 1.0000 0.0000 0.0000	</row1>
					<row2>	1.0000 0.0000 0.0000 0.0000	</row2>
					<row3>	0.1765 1.1704 -0.1856 1.0000	</row3>
				</transform>
			</node>
			<node>
				<identifier>	MP_GM013_Siren_INDEX_4	</identifier>
				<transform>
					<row0>	-0.1464 0.0000 0.9892 0.0000	</row0>
					<row1>	0.0000 1.0000 0.0000 0.0000	</row1>
					<row2>	-0.9892 0.0000 -0.1464 0.0000	</row2>
					<row3>	-0.1056 1.6384 1.4245 1.0000	</row3>
				</transform>
			</node>
			<node>
				<identifier>	MP_GM013_Siren_INDEX_5	</identifier>
				<transform>
					<row0>	-0.9638 0.0000 -0.2666 0.0000	</row0>
					<row1>	0.0000 1.0000 0.0000 0.0000	</row1>
					<row2>	0.2666 0.0000 -0.9638 0.0000	</row2>
					<row3>	-0.4181 0.8821 2.4941 1.0000	</row3>
				</transform>
			</node>
			<node>
				<identifier>	MP_GM013_Siren_INDEX_6	</identifier>
				<transform>
					<row0>	-0.9638 0.0000 0.2666 0.0000	</row0>
					<row1>	0.0000 1.0000 0.0000 0.0000	</row1>
					<row2>	-0.2666 0.0000 -0.9638 0.0000	</row2>
					<row3>	0.4181 0.8821 2.4941 1.0000	</row3>
				</transform>
			</node>
			<node>
				<identifier>	MP_GM013_Siren_INDEX_7	</identifier>
				<transform>
					<row0>	0.0000 0.0000 1.0000 0.0000	</row0>
					<row1>	0.0000 1.0000 0.0000 0.0000	</row1>
					<row2>	-1.0000 0.0000 0.0000 0.0000	</row2>
					<row3>	-0.1765 1.1704 -0.1856 1.0000	</row3>
				</transform>
			</node>
			<node>
				<identifier>	MP_GM013_Siren_INDEX_8	</identifier>
				<transform>
					<row0>	-0.2329 0.0000 -0.9725 0.0000	</row0>
					<row1>	0.0000 1.0000 0.0000 0.0000	</row1>
					<row2>	0.9725 0.0000 -0.2329 0.0000	</row2>
					<row3>	-0.3670 1.0315 1.9522 1.0000	</row3>
				</transform>
			</node>
			<node>
				<identifier>	MP_GM013_Siren_INDEX_9	</identifier>
				<transform>
					<row0>	-0.8661 0.0000 -0.4998 0.0000	</row0>
					<row1>	0.0000 1.0000 0.0000 0.0000	</row1>
					<row2>	0.4998 0.0000 -0.8661 0.0000	</row2>
					<row3>	-0.2298 1.0307 2.3796 1.0000	</row3>
				</transform>
			</node>
			<node>
				<identifier>	MP_GM015_Clock	</identifier>
				<transform>
					<row0>	0.0996 0.0000 0.9950 0.0000	</row0>
					<row1>	0.0000 1.0000 0.0000 0.0000	</row1>
					<row2>	-0.9950 0.0000 0.0996 0.0000	</row2>
					<row3>	-0.4901 0.4862 2.6643 1.0000	</row3>
				</transform>
			</node>
			<node>
				<identifier>	MP_GM015_Clock_INDEX_1	</identifier>
				<transform>
					<row0>	0.0996 0.0000 -0.9950 0.0000	</row0>
					<row1>	0.0000 1.0000 0.0000 0.0000	</row1>
					<row2>	0.9950 0.0000 0.0996 0.0000	</row2>
					<row3>	0.4983 0.4862 2.5757 1.0000	</row3>
				</transform>
			</node>
			<node>
				<identifier>	MP_GM016_Sleeve	</identifier>
				<transform>
					<row0>	0.0075 0.0000 1.0000 0.0000	</row0>
					<row1>	0.0000 1.0000 0.0000 0.0000	</row1>
					<row2>	-1.0000 0.0000 0.0075 0.0000	</row2>
					<row3>	-0.5267 0.5346 0.1282 1.0000	</row3>
				</transform>
			</node>
			<node>
				<identifier>	MP_GM016_Sleeve_INDEX_1	</identifier>
				<transform>
					<row0>	0.0706 0.0000 0.9975 0.0000	</row0>
					<row1>	0.0000 1.0000 0.0000 0.0000	</row1>
					<row2>	-0.9975 0.0000 0.0706 0.0000	</row2>
					<row3>	-0.8406 0.3460 1.0358 1.0000	</row3>
				</transform>
			</node>
			<node>
